 x (en grados)     sen(x)     cos(x)
===============   ========   ========
       0           0,000       1,000
      30           0,500       0,866
      60           0,866       0,500
      90           1,000       0,000
     120           0,866      -0,500
     150           0,500      -0,866
     180           0,000      -1,000
     210          -0,500      -0,866
     240          -0,866      -0,500
     270          -1,000      -0,000
     300          -0,866       0,500
     330          -0,500       0,866
     360          -0,000       1,000
