 x (en grados)     sen(x)     cos(x)
===============   ========   ========
    0   0.0   1.0
    30   0.49999999999999994   0.8660254037844387
    60   0.8660254037844386   0.5000000000000001
    90   1.0   6.123233995736766E-17
    120   0.8660254037844387   -0.4999999999999998
    150   0.49999999999999994   -0.8660254037844387
    180   1.2246467991473532E-16   -1.0
    210   -0.5000000000000001   -0.8660254037844386
    240   -0.8660254037844384   -0.5000000000000004
    270   -1.0   -1.8369701987210297E-16
    300   -0.8660254037844386   0.5000000000000001
    330   -0.5000000000000004   0.8660254037844384
    360   -2.4492935982947064E-16   1.0
